0.000000 0.000000 
0.010000 -0.181264 
0.020000 -0.349914 
0.030000 -0.504639 
0.040000 -0.644838 
0.050000 -0.770458 
0.060000 -0.881743 
0.070000 -0.978898 
0.080000 -1.061783 
0.090000 -1.129771 
0.100000 -1.181911 
0.110000 -1.217426 
0.120000 -1.236372 
0.130000 -1.240058 
0.140000 -1.230951 
0.150000 -1.212168 
0.160000 -1.186869 
0.170000 -1.157844 
0.180000 -1.127349 
0.190000 -1.097120 
0.200000 -1.068466 
0.210000 -1.042372 
0.220000 -1.019582 
0.230000 -1.000653 
0.240000 -0.985981 
0.250000 -0.975810 
0.260000 -0.970223 
0.270000 -0.969125 
0.280000 -0.972226 
0.290000 -0.979019 
0.300000 -0.988786 
0.310000 -1.000618 
0.320000 -1.013474 
0.330000 -1.026282 
0.340000 -1.038064 
0.350000 -1.048079 
0.360000 -1.055926 
0.370000 -1.061595 
0.380000 -1.065439 
0.390000 -1.068076 
0.400000 -1.070265 
0.410000 -1.072772 
0.420000 -1.076277 
0.430000 -1.081309 
0.440000 -1.088220 
0.450000 -1.097191 
0.460000 -1.108252 
0.470000 -1.121310 
0.480000 -1.136180 
0.490000 -1.152621 
0.500000 -1.170356 
0.510000 -1.189101 
0.520000 -1.208584 
0.530000 -1.228556 
0.540000 -1.248803 
0.550000 -1.269152 
0.560000 -1.289473 
0.570000 -1.309678 
0.580000 -1.329723 
0.590000 -1.349594 
0.600000 -1.369310 
0.610000 -1.388916 
0.620000 -1.408475 
0.630000 -1.428062 
0.640000 -1.447763 
0.650000 -1.467668 
0.660000 -1.487863 
0.670000 -1.508434 
0.680000 -1.529447 
0.690000 -1.550955 
0.700000 -1.572980 
0.710000 -1.595497 
0.720000 -1.618426 
0.730000 -1.641598 
0.740000 -1.664729 
0.750000 -1.687384 
0.760000 -1.708935 
0.770000 -1.728522 
0.780000 -1.745035 
0.790000 -1.757114 
0.800000 -1.763225 
0.810000 -1.761807 
0.820000 -1.751500 
0.830000 -1.731417 
0.840000 -1.701384 
0.850000 -1.662048 
0.860000 -1.614822 
0.870000 -1.561677 
0.880000 -1.504864 
0.890000 -1.446665 
0.900000 -1.389200 
0.910000 -1.334320 
0.920000 -1.283559 
0.930000 -1.238124 
0.940000 -1.198893 
0.950000 -1.166422 
0.960000 -1.140934 
0.970000 -1.122320 
0.980000 -1.110142 
0.990000 -1.103651 
1.000000 -1.101848 
1.010000 -1.103584 
1.020000 -1.107701 
1.030000 -1.113187 
1.040000 -1.119312 
1.050000 -1.125704 
1.060000 -1.132336 
1.070000 -1.139444 
1.080000 -1.147398 
1.090000 -1.156577 
1.100000 -1.167264 
1.110000 -1.179594 
1.120000 -1.193524 
1.130000 -1.208845 
1.140000 -1.225199 
1.150000 -1.242117 
1.160000 -1.259048 
1.170000 -1.275390 
1.180000 -1.290525 
1.190000 -1.303843 
1.200000 -1.314769 
1.210000 -1.322778 
1.220000 -1.327418 
1.230000 -1.328316 
1.240000 -1.325186 
1.250000 -1.317828 
1.260000 -1.306130 
1.270000 -1.290052 
1.280000 -1.269623 
1.290000 -1.244928 
1.300000 -1.216094 
1.310000 -1.183280 
1.320000 -1.146670 
1.330000 -1.106457 
1.340000 -1.062846 
1.350000 -1.016038 
1.360000 -0.966235 
1.370000 -0.913630 
1.380000 -0.858407 
1.390000 -0.800743 
1.400000 -0.740801 
1.410000 -0.678737 
1.420000 -0.614694 
1.430000 -0.548804 
1.440000 -0.481192 
1.450000 -0.411972 
1.460000 -0.341251 
1.470000 -0.269127 
1.480000 -0.195695 
1.490000 -0.121041 
1.500000 -0.045249 
1.510000 0.031602 
1.520000 0.109435 
1.530000 0.188174 
1.540000 0.267744 
1.550000 0.348069 
1.560000 0.429072 
1.570000 0.510671 
1.580000 0.592780 
1.590000 0.675310 
1.600000 0.758159 
1.610000 0.841218 
1.620000 0.924365 
1.630000 1.007464 
1.640000 1.090359 
1.650000 1.172876 
1.660000 1.254812 
1.670000 1.335939 
1.680000 1.415992 
1.690000 1.494670 
1.700000 1.571628 
1.710000 1.646474 
1.720000 1.718765 
1.730000 1.788008 
1.740000 1.853661 
1.750000 1.915139 
1.760000 1.971833 
1.770000 2.023129 
1.780000 2.068453 
1.790000 2.107320 
1.800000 2.139394 
1.810000 2.164555 
1.820000 2.182942 
1.830000 2.194949 
1.840000 2.201130 
1.850000 2.202016 
1.860000 2.197864 
1.870000 2.188449 
1.880000 2.172994 
1.890000 2.150320 
1.900000 2.119142 
1.910000 2.078396 
1.920000 2.027480 
1.930000 1.966346 
1.940000 1.895474 
1.950000 1.815763 
1.960000 1.728408 
1.970000 1.634782 
1.980000 1.536360 
1.990000 1.434675 
2.000000 1.331292 
2.010000 1.227805 
2.020000 1.125824 
2.030000 1.026949 
2.040000 0.932711 
2.050000 0.844483 
2.060000 0.763368 
2.070000 0.690091 
2.080000 0.624924 
2.090000 0.567674 
2.100000 0.517733 
2.110000 0.474189 
2.120000 0.435957 
2.130000 0.401910 
2.140000 0.370977 
2.150000 0.342218 
2.160000 0.314865 
2.170000 0.288342 
2.180000 0.262277 
2.190000 0.236511 
2.200000 0.211105 
2.210000 0.186353 
2.220000 0.162789 
2.230000 0.141190 
2.240000 0.122553 
2.250000 0.108041 
2.260000 0.098869 
2.270000 0.096150 
2.280000 0.100706 
2.290000 0.112888 
2.300000 0.132471 
2.310000 0.158652 
2.320000 0.190151 
2.330000 0.225392 
2.340000 0.262686 
2.350000 0.300397 
2.360000 0.337049 
2.370000 0.371387 
2.380000 0.402393 
2.390000 0.429288 
2.400000 0.451517 
2.410000 0.468735 
2.420000 0.480798 
2.430000 0.487758 
2.440000 0.489861 
2.450000 0.487552 
2.460000 0.481472 
2.470000 0.472456 
2.480000 0.461509 
2.490000 0.449761 
2.500000 0.438400 
2.510000 0.428577 
2.520000 0.421289 
2.530000 0.417281 
2.540000 0.416964 
2.550000 0.420399 
2.560000 0.427325 
2.570000 0.437236 
2.580000 0.449484 
2.590000 0.463373 
2.600000 0.478239 
2.610000 0.493501 
2.620000 0.508682 
2.630000 0.523418 
2.640000 0.537446 
2.650000 0.550587 
2.660000 0.562729 
2.670000 0.573811 
2.680000 0.583799 
2.690000 0.592681 
2.700000 0.600452 
2.710000 0.607105 
2.720000 0.612631 
2.730000 0.617007 
2.740000 0.620200 
2.750000 0.622168 
2.760000 0.622852 
2.770000 0.622185 
2.780000 0.620091 
2.790000 0.616489 
2.800000 0.611296 
2.810000 0.604433 
2.820000 0.595835 
2.830000 0.585458 
2.840000 0.573297 
2.850000 0.559402 
2.860000 0.543903 
2.870000 0.527040 
2.880000 0.509199 
2.890000 0.490949 
2.900000 0.473079 
2.910000 0.456618 
2.920000 0.442822 
2.930000 0.433102 
2.940000 0.428888 
2.950000 0.431414 
2.960000 0.441474 
2.970000 0.459215 
2.980000 0.484045 
2.990000 0.514696 
3.000000 0.549414 
3.010000 0.586219 
3.020000 0.623142 
3.030000 0.658400 
3.040000 0.690505 
3.050000 0.718308 
3.060000 0.741004 
3.070000 0.758123 
3.080000 0.769515 
3.090000 0.775330 
3.100000 0.776005 
3.110000 0.772238 
3.120000 0.764963 
3.130000 0.755294 
3.140000 0.744461 
3.150000 0.733711 
3.160000 0.724200 
3.170000 0.716883 
3.180000 0.712432 
3.190000 0.711194 
3.200000 0.713203 
3.210000 0.718243 
3.220000 0.725930 
3.230000 0.735805 
3.240000 0.747410 
3.250000 0.760342 
3.260000 0.774278 
3.270000 0.788990 
3.280000 0.804328 
3.290000 0.820216 
3.300000 0.836629 
3.310000 0.853576 
3.320000 0.871083 
3.330000 0.889185 
3.340000 0.907911 
3.350000 0.927280 
3.360000 0.947298 
3.370000 0.967954 
3.380000 0.989219 
3.390000 1.011049 
3.400000 1.033382 
3.410000 1.056143 
3.420000 1.079241 
3.430000 1.102573 
3.440000 1.126024 
3.450000 1.149463 
3.460000 1.172749 
3.470000 1.195726 
3.480000 1.218225 
3.490000 1.240064 
3.500000 1.261043 
3.510000 1.280950 
3.520000 1.299557 
3.530000 1.316624 
3.540000 1.331898 
3.550000 1.345120 
3.560000 1.356032 
3.570000 1.364384 
3.580000 1.369950 
3.590000 1.372552 
3.600000 1.372080 
3.610000 1.368540 
3.620000 1.362090 
3.630000 1.353100 
3.640000 1.342201 
3.650000 1.330319 
3.660000 1.318676 
3.670000 1.308705 
3.680000 1.301878 
3.690000 1.299434 
3.700000 1.302073 
3.710000 1.309719 
3.720000 1.321465 
3.730000 1.335721 
3.740000 1.350525 
3.750000 1.363887 
3.760000 1.374078 
3.770000 1.379806 
3.780000 1.380297 
3.790000 1.375301 
3.800000 1.365053 
3.810000 1.350206 
3.820000 1.331753 
3.830000 1.310940 
3.840000 1.289156 
3.850000 1.267826 
3.860000 1.248294 
3.870000 1.231714 
3.880000 1.218974 
3.890000 1.210653 
3.900000 1.207027 
3.910000 1.208120 
3.920000 1.213768 
3.930000 1.223703 
3.940000 1.237616 
3.950000 1.255205 
3.960000 1.276211 
3.970000 1.300420 
3.980000 1.327666 
3.990000 1.357824 
4.000000 1.390793 
4.010000 1.426487 
4.020000 1.464826 
4.030000 1.505724 
4.040000 1.549091 
4.050000 1.594825 
4.060000 1.642817 
4.070000 1.692950 
4.080000 1.745102 
4.090000 1.799145 
4.100000 1.854951 
4.110000 1.912394 
4.120000 1.971346 
4.130000 2.031682 
4.140000 2.093282 
4.150000 2.156022 
4.160000 2.219783 
4.170000 2.284444 
4.180000 2.349883 
4.190000 2.415976 
4.200000 2.482593 
4.210000 2.549596 
4.220000 2.616843 
4.230000 2.684175 
4.240000 2.751426 
4.250000 2.818408 
4.260000 2.884919 
4.270000 2.950734 
4.280000 3.015602 
4.290000 3.079247 
4.300000 3.141360 
4.310000 3.201602 
4.320000 3.259599 
4.330000 3.314942 
4.340000 3.367192 
4.350000 3.415883 
4.360000 3.460531 
4.370000 3.500658 
4.380000 3.535809 
4.390000 3.565593 
4.400000 3.589728 
4.410000 3.608098 
4.420000 3.620810 
4.430000 3.628240 
4.440000 3.631043 
4.450000 3.630099 
4.460000 3.626372 
4.470000 3.620686 
4.480000 3.613480 
4.490000 3.604632 
4.500000 3.593437 
4.510000 3.578765 
4.520000 3.559336 
4.530000 3.534002 
4.540000 3.501964 
4.550000 3.462876 
4.560000 3.416861 
4.570000 3.364467 
4.580000 3.306590 
4.590000 3.244402 
4.600000 3.179274 
4.610000 3.112706 
4.620000 3.046266 
4.630000 2.981500 
4.640000 2.919859 
4.650000 2.862596 
4.660000 2.810686 
4.670000 2.764765 
4.680000 2.725104 
4.690000 2.691640 
4.700000 2.664033 
4.710000 2.641755 
4.720000 2.624183 
4.730000 2.610672 
4.740000 2.600618 
4.750000 2.593484 
4.760000 2.588822 
4.770000 2.586270 
4.780000 2.585543 
4.790000 2.586421 
4.800000 2.588734 
4.810000 2.592347 
4.820000 2.597151 
4.830000 2.603045 
4.840000 2.609935 
4.850000 2.617721 
4.860000 2.626294 
4.870000 2.635533 
4.880000 2.645296 
4.890000 2.655425 
4.900000 2.665740 
4.910000 2.676037 
4.920000 2.686093 
4.930000 2.695658 
4.940000 2.704467 
4.950000 2.712232 
4.960000 2.718656 
4.970000 2.723434 
4.980000 2.726269 
4.990000 2.726887 
5.000000 2.725066 
5.010000 2.720665 
5.020000 2.713680 
5.030000 2.704295 
5.040000 2.692954 
5.050000 2.680428 
5.060000 2.667851 
5.070000 2.656689 
5.080000 2.648606 
5.090000 2.645178 
5.100000 2.647510 
5.110000 2.655862 
5.120000 2.669456 
5.130000 2.686572 
5.140000 2.704904 
5.150000 2.722028 
5.160000 2.735824 
5.170000 2.744744 
5.180000 2.747945 
5.190000 2.745293 
5.200000 2.737294 
5.210000 2.724975 
5.220000 2.709732 
5.230000 2.693154 
5.240000 2.676838 
5.250000 2.662217 
5.260000 2.650425 
5.270000 2.642221 
5.280000 2.637989 
5.290000 2.637793 
5.300000 2.641471 
5.310000 2.648741 
5.320000 2.659288 
5.330000 2.672823 
5.340000 2.689122 
5.350000 2.708035 
5.360000 2.729480 
5.370000 2.753430 
5.380000 2.779894 
5.390000 2.808902 
5.400000 2.840488 
5.410000 2.874677 
5.420000 2.911483 
5.430000 2.950900 
5.440000 2.992899 
5.450000 3.037435 
5.460000 3.084445 
5.470000 3.133854 
5.480000 3.185575 
5.490000 3.239514 
5.500000 3.295576 
5.510000 3.353663 
5.520000 3.413679 
5.530000 3.475531 
5.540000 3.539129 
5.550000 3.604386 
5.560000 3.671221 
5.570000 3.739557 
5.580000 3.809323 
5.590000 3.880449 
5.600000 3.952871 
5.610000 4.026528 
5.620000 4.101361 
5.630000 4.177316 
5.640000 4.254338 
5.650000 4.332375 
5.660000 4.411379 
5.670000 4.491297 
5.680000 4.572083 
5.690000 4.653685 
5.700000 4.736054 
5.710000 4.819138 
5.720000 4.902885 
5.730000 4.987237 
5.740000 5.072135 
5.750000 5.157516 
5.760000 5.243309 
5.770000 5.329436 
5.780000 5.415814 
5.790000 5.502345 
5.800000 5.588922 
5.810000 5.675420 
5.820000 5.761698 
5.830000 5.847594 
5.840000 5.932919 
5.850000 6.017458 
5.860000 6.100960 
5.870000 6.183135 
5.880000 6.263650 
5.890000 6.342125 
5.900000 6.418127 
5.910000 6.491166 
5.920000 6.560701 
5.930000 6.626143 
5.940000 6.686867 
5.950000 6.742236 
5.960000 6.791637 
5.970000 6.834530 
5.980000 6.870510 
5.990000 6.899373 
6.000000 6.921164 
6.010000 6.936180 
6.020000 6.944896 
6.030000 6.947778 
6.040000 6.945046 
6.050000 6.936447 
6.060000 6.921184 
6.070000 6.898051 
6.080000 6.865735 
6.090000 6.823156 
6.100000 6.769716 
6.110000 6.705396 
6.120000 6.630718 
6.130000 6.546625 
6.140000 6.454342 
6.150000 6.355242 
6.160000 6.250765 
6.170000 6.142362 
6.180000 6.031484 
6.190000 5.919578 
6.200000 5.808104 
6.210000 5.698537 
6.220000 5.592348 
6.230000 5.490961 
6.240000 5.395666 
6.250000 5.307521 
6.260000 5.227240 
6.270000 5.155112 
6.280000 5.090979 
6.290000 5.034276 
6.300000 4.984133 
6.310000 4.939504 
6.320000 4.899300 
6.330000 4.862503 
6.340000 4.828246 
6.350000 4.795874 
6.360000 4.764970 
6.370000 4.735382 
6.380000 4.707232 
6.390000 4.680918 
6.400000 4.657104 
6.410000 4.636682 
6.420000 4.620700 
6.430000 4.610243 
6.440000 4.606273 
6.450000 4.609453 
6.460000 4.619993 
6.470000 4.637570 
6.480000 4.661348 
6.490000 4.690084 
6.500000 4.722291 
6.510000 4.756410 
6.520000 4.790944 
6.530000 4.824551 
6.540000 4.856093 
6.550000 4.884648 
6.560000 4.909501 
6.570000 4.930136 
6.580000 4.946216 
6.590000 4.957570 
6.600000 4.964189 
6.610000 4.966222 
6.620000 4.963979 
6.630000 4.957936 
6.640000 4.948741 
6.650000 4.937213 
6.660000 4.924321 
6.670000 4.911158 
6.680000 4.898876 
6.690000 4.888603 
6.700000 4.881336 
6.710000 4.877840 
6.720000 4.878563 
6.730000 4.883598 
6.740000 4.892698 
6.750000 4.905341 
6.760000 4.920827 
6.770000 4.938373 
6.780000 4.957201 
6.790000 4.976599 
6.800000 4.995952 
6.810000 5.014757 
6.820000 5.032619 
6.830000 5.049238 
6.840000 5.064392 
6.850000 5.077924 
6.860000 5.089720 
6.870000 5.099700 
6.880000 5.107806 
6.890000 5.113991 
6.900000 5.118218 
6.910000 5.120452 
6.920000 5.120661 
6.930000 5.118816 
6.940000 5.114892 
6.950000 5.108874 
6.960000 5.100764 
6.970000 5.090591 
6.980000 5.078422 
6.990000 5.064383 
7.000000 5.048677 
7.010000 5.031611 
7.020000 5.013630 
7.030000 4.995338 
7.040000 4.977532 
7.050000 4.961203 
7.060000 4.947520 
7.070000 4.937763 
7.080000 4.933201 
7.090000 4.934921 
7.100000 4.943636 
7.110000 4.959527 
7.120000 4.982170 
7.130000 5.010571 
7.140000 5.043316 
7.150000 5.078753 
7.160000 5.115192 
7.170000 5.151046 
7.180000 5.184928 
7.190000 5.215696 
7.200000 5.242464 
7.210000 5.264596 
7.220000 5.281691 
7.230000 5.293575 
7.240000 5.300287 
7.250000 5.302077 
7.260000 5.299402 
7.270000 5.292923 
7.280000 5.283495 
7.290000 5.272136 
7.300000 5.259988 
7.310000 5.248240 
7.320000 5.238036 
7.330000 5.230373 
7.340000 5.225997 
7.350000 5.225340 
7.360000 5.228497 
7.370000 5.235258 
7.380000 5.245180 
7.390000 5.257679 
7.400000 5.272122 
7.410000 5.287895 
7.420000 5.304456 
7.430000 5.321356 
7.440000 5.338242 
7.450000 5.354855 
7.460000 5.371010 
7.470000 5.386582 
7.480000 5.401489 
7.490000 5.415679 
7.500000 5.429115 
7.510000 5.441765 
7.520000 5.453600 
7.530000 5.464582 
7.540000 5.474666 
7.550000 5.483797 
7.560000 5.491905 
7.570000 5.498911 
7.580000 5.504722 
7.590000 5.509236 
7.600000 5.512342 
7.610000 5.513921 
7.620000 5.513851 
7.630000 5.512012 
7.640000 5.508291 
7.650000 5.502593 
7.660000 5.494850 
7.670000 5.485042 
7.680000 5.473216 
7.690000 5.459519 
7.700000 5.444227 
7.710000 5.427792 
7.720000 5.410881 
7.730000 5.394408 
7.740000 5.379543 
7.750000 5.367669 
7.760000 5.360266 
7.770000 5.358718 
7.780000 5.364057 
7.790000 5.376709 
7.800000 5.396345 
7.810000 5.421882 
7.820000 5.451651 
7.830000 5.483662 
7.840000 5.515881 
7.850000 5.546447 
7.860000 5.573806 
7.870000 5.596783 
7.880000 5.614589 
7.890000 5.626815 
7.900000 5.633408 
7.910000 5.634642 
7.920000 5.631089 
7.930000 5.623584 
7.940000 5.613177 
7.950000 5.601069 
7.960000 5.588527 
7.970000 5.576785 
7.980000 5.566942 
7.990000 5.559863 
8.000000 5.556122 
8.010000 5.555989 
8.020000 5.559454 
8.030000 5.566297 
8.040000 5.576168 
8.050000 5.588664 
8.060000 5.603390 
8.070000 5.620001 
8.080000 5.638219 
8.090000 5.657838 
8.100000 5.678713 
8.110000 5.700753 
8.120000 5.723899 
8.130000 5.748115 
8.140000 5.773374 
8.150000 5.799652 
8.160000 5.826917 
8.170000 5.855130 
8.180000 5.884238 
8.190000 5.914176 
8.200000 5.944869 
8.210000 5.976227 
8.220000 6.008151 
8.230000 6.040530 
8.240000 6.073242 
8.250000 6.106157 
8.260000 6.139130 
8.270000 6.172010 
8.280000 6.204629 
8.290000 6.236809 
8.300000 6.268356 
8.310000 6.299063 
8.320000 6.328706 
8.330000 6.357045 
8.340000 6.383822 
8.350000 6.408767 
8.360000 6.431595 
8.370000 6.452015 
8.380000 6.469732 
8.390000 6.484462 
8.400000 6.495947 
8.410000 6.503975 
8.420000 6.508412 
8.430000 6.509240 
8.440000 6.506605 
8.450000 6.500871 
8.460000 6.492663 
8.470000 6.482901 
8.480000 6.472777 
8.490000 6.463662 
8.500000 6.456913 
8.510000 6.453608 
8.520000 6.454262 
8.530000 6.458647 
8.540000 6.465780 
8.550000 6.474114 
8.560000 6.481841 
8.570000 6.487211 
8.580000 6.488776 
8.590000 6.485538 
8.600000 6.476996 
8.610000 6.463138 
8.620000 6.444390 
8.630000 6.421546 
8.640000 6.395690 
8.650000 6.368109 
8.660000 6.340193 
8.670000 6.313339 
8.680000 6.288843 
8.690000 6.267809 
8.700000 6.251083 
8.710000 6.239218 
8.720000 6.232486 
8.730000 6.230920 
8.740000 6.234378 
8.750000 6.242611 
8.760000 6.255328 
8.770000 6.272239 
8.780000 6.293082 
8.790000 6.317632 
8.800000 6.345706 
8.810000 6.377150 
8.820000 6.411829 
8.830000 6.449623 
8.840000 6.490409 
8.850000 6.534065 
8.860000 6.580460 
8.870000 6.629456 
8.880000 6.680911 
8.890000 6.734677 
8.900000 6.790604 
8.910000 6.848543 
8.920000 6.908347 
8.930000 6.969874 
8.940000 7.032985 
8.950000 7.097550 
8.960000 7.163439 
8.970000 7.230532 
8.980000 7.298708 
8.990000 7.367851 
9.000000 7.437846 
9.010000 7.508576 
9.020000 7.579925 
9.030000 7.651768 
9.040000 7.723977 
9.050000 7.796417 
9.060000 7.868937 
9.070000 7.941379 
9.080000 8.013563 
9.090000 8.085294 
9.100000 8.156354 
9.110000 8.226497 
9.120000 8.295451 
9.130000 8.362909 
9.140000 8.428532 
9.150000 8.491941 
9.160000 8.552719 
9.170000 8.610411 
9.180000 8.664532 
9.190000 8.714572 
9.200000 8.760012 
9.210000 8.800355 
9.220000 8.835151 
9.230000 8.864053 
9.240000 8.886871 
9.250000 8.903630 
9.260000 8.914620 
9.270000 8.920408 
9.280000 8.921784 
9.290000 8.919617 
9.300000 8.914640 
9.310000 8.907201 
9.320000 8.897100 
9.330000 8.883584 
9.340000 8.865518 
9.350000 8.841668 
9.360000 8.810985 
9.370000 8.772796 
9.380000 8.726901 
9.390000 8.673558 
9.400000 8.613431 
9.410000 8.547504 
9.420000 8.477002 
9.430000 8.403324 
9.440000 8.327982 
9.450000 8.252547 
9.460000 8.178585 
9.470000 8.107582 
9.480000 8.040861 
9.490000 7.979485 
9.500000 7.924189 
9.510000 7.875334 
9.520000 7.832911 
9.530000 7.796593 
9.540000 7.765812 
9.550000 7.739858 
9.560000 7.717964 
9.570000 7.699380 
9.580000 7.683413 
9.590000 7.669455 
9.600000 7.656989 
9.610000 7.645578 
9.620000 7.634862 
9.630000 7.624537 
9.640000 7.614348 
9.650000 7.604071 
9.660000 7.593506 
9.670000 7.582469 
9.680000 7.570791 
9.690000 7.558310 
9.700000 7.544881 
9.710000 7.530379 
9.720000 7.514709 
9.730000 7.497828 
9.740000 7.479769 
9.750000 7.460671 
9.760000 7.440834 
9.770000 7.420762 
9.780000 7.401226 
9.790000 7.383308 
9.800000 7.368414 
9.810000 7.358211 
9.820000 7.354462 
9.830000 7.358741 
9.840000 7.372073 
9.850000 7.394606 
9.860000 7.425471 
9.870000 7.462875 
9.880000 7.504413 
9.890000 7.547455 
9.900000 7.589497 
9.910000 7.628393 
9.920000 7.662484 
9.930000 7.690640 
9.940000 7.712258 
9.950000 7.727235 
9.960000 7.735923 
9.970000 7.739070 
9.980000 7.737741 
9.990000 7.733202 
