0.000000 0.100000 0.200000 0.300000 
0.010000 0.110000 0.225700 0.292200 
0.020000 0.121570 0.253922 0.284656 
0.030000 0.134805 0.285076 0.277374 
0.040000 0.149832 0.319597 0.270362 
0.050000 0.166809 0.357949 0.263631 
0.060000 0.185923 0.400636 0.257198 
0.070000 0.207394 0.448210 0.251084 
0.080000 0.231476 0.501277 0.245318 
0.090000 0.258456 0.560510 0.239937 
0.100000 0.288661 0.626652 0.234987 
0.110000 0.322460 0.700532 0.230530 
0.120000 0.360267 0.783072 0.226641 
0.130000 0.402548 0.875300 0.223418 
0.140000 0.449823 0.978361 0.220984 
0.150000 0.502677 1.093534 0.219492 
0.160000 0.561763 1.222245 0.219136 
0.170000 0.627811 1.366085 0.220158 
0.180000 0.701638 1.526829 0.222864 
0.190000 0.784157 1.706456 0.227634 
0.200000 0.876387 1.907170 0.234945 
0.210000 0.979465 2.131428 0.245394 
0.220000 1.094662 2.381960 0.259727 
0.230000 1.223392 2.661803 0.278875 
0.240000 1.367233 2.974323 0.304003 
0.250000 1.527942 3.323248 0.336562 
0.260000 1.707472 3.712697 0.378364 
0.270000 1.907995 4.147202 0.431668 
0.280000 2.131916 4.631732 0.499285 
0.290000 2.381897 5.171707 0.584715 
0.300000 2.660878 5.772994 0.692308 
0.310000 2.972090 6.441888 0.827458 
0.320000 3.319070 7.185062 0.996851 
0.330000 3.705669 8.009464 1.208746 
0.340000 4.136048 8.922165 1.473317 
0.350000 4.614660 9.930099 1.803054 
0.360000 5.146204 11.039698 2.213212 
0.370000 5.735553 12.256342 2.722319 
0.380000 6.387632 13.583594 3.352693 
0.390000 7.107228 15.022137 4.130958 
0.400000 7.898719 16.568343 5.088456 
0.410000 8.765682 18.212378 6.261451 
0.420000 9.710351 19.935786 7.690918 
0.430000 10.732895 21.708512 9.421662 
0.440000 11.830456 23.485420 11.500369 
0.450000 12.995953 25.202547 13.972125 
0.460000 14.216612 26.773578 16.874846 
0.470000 15.472309 28.087462 20.231146 
0.480000 16.733824 29.008609 24.037428 
0.490000 17.961303 29.381612 28.250679 
0.500000 19.103334 29.042771 32.774648 
0.510000 20.097277 27.840226 37.448795 
0.520000 20.871572 25.662874 42.045288 
0.530000 21.350702 22.474773 46.280325 
0.540000 21.463109 18.347047 49.844705 
0.550000 21.151503 13.475024 52.453360 
0.560000 20.383855 8.168020 53.904773 
0.570000 19.162272 2.805949 54.132270 
0.580000 17.526639 -2.229647 53.226427 
0.590000 15.551011 -6.628696 51.416273 
0.600000 13.333040 -10.203876 49.014343 
0.610000 10.979348 -12.903688 46.346807 
0.620000 8.591045 -14.789011 43.694151 
0.630000 6.253039 -15.989412 41.258443 
0.640000 4.028794 -16.658574 39.158394 
0.650000 1.960057 -16.941537 37.443031 
0.660000 0.069898 -16.957210 36.112486 
0.670000 -1.632813 -16.793309 35.137634 
0.680000 -3.148863 -16.508831 34.474833 
0.690000 -4.484859 -16.139860 34.075345 
0.700000 -5.650359 -15.705990 33.890519 
0.710000 -6.655923 -15.216095 33.874217 
0.720000 -7.511940 -14.672951 33.983676 
0.730000 -8.228041 -14.076731 34.179668 
0.740000 -8.812910 -13.427498 34.426449 
0.750000 -9.274369 -12.726866 34.691764 
0.760000 -9.619618 -11.978978 34.946986 
0.770000 -9.855554 -11.190915 35.167399 
0.780000 -9.989090 -10.372619 35.332528 
0.790000 -10.027443 -9.536440 35.426458 
0.800000 -9.978343 -8.696392 35.438013 
0.810000 -9.850148 -7.867237 35.360755 
0.820000 -9.651857 -7.063520 35.192737 
0.830000 -9.393023 -6.298652 34.936024 
0.840000 -9.083586 -5.584163 34.596031 
0.850000 -8.733644 -4.929165 34.180712 
0.860000 -8.353196 -4.340072 33.699722 
0.870000 -7.951883 -3.820562 33.163598 
0.880000 -7.538751 -3.371754 32.583042 
0.890000 -7.122052 -2.992532 31.968349 
0.900000 -6.709100 -2.679979 31.328989 
0.910000 -6.306188 -2.429834 30.673352 
0.920000 -5.918552 -2.236949 30.008626 
0.930000 -5.550392 -2.095698 29.340791 
0.940000 -5.204922 -2.000322 28.674689 
0.950000 -4.884462 -1.945201 28.014146 
0.960000 -4.590536 -1.925058 27.362115 
0.970000 -4.323988 -1.935090 26.720829 
0.980000 -4.085099 -1.971050 26.091946 
0.990000 -3.873694 -2.029286 25.476680 
1.000000 -3.689253 -2.106739 24.875911 
1.010000 -3.531002 -2.200927 24.290276 
1.020000 -3.397994 -2.309908 23.720250 
1.030000 -3.289185 -2.432235 23.166201 
1.040000 -3.203490 -2.566905 22.628436 
1.050000 -3.139832 -2.713313 22.107242 
1.060000 -3.097180 -2.871203 21.602909 
1.070000 -3.074582 -3.040620 21.115757 
1.080000 -3.071186 -3.221876 20.646157 
1.090000 -3.086255 -3.415507 20.194542 
1.100000 -3.119180 -3.622249 19.761433 
1.110000 -3.169487 -3.843002 19.347446 
1.120000 -3.236839 -4.078813 18.953317 
1.130000 -3.321036 -4.330852 18.579920 
1.140000 -3.422018 -4.600388 18.228285 
1.150000 -3.539855 -4.888773 17.899623 
1.160000 -3.674747 -5.197424 17.595355 
1.170000 -3.827014 -5.527794 17.317138 
1.180000 -3.997092 -5.881351 17.066897 
1.190000 -4.185518 -6.259544 16.846863 
1.200000 -4.392921 -6.663765 16.659607 
1.210000 -4.620005 -7.095302 16.508085 
1.220000 -4.867535 -7.555276 16.395673 
1.230000 -5.136309 -8.044568 16.326211 
1.240000 -5.427135 -8.563724 16.304039 
1.250000 -5.740794 -9.112842 16.334029 
1.260000 -6.077999 -9.691433 16.421605 
1.270000 -6.439342 -10.298254 16.572740 
1.280000 -6.825233 -10.931111 16.793940 
1.290000 -7.235821 -11.586640 17.092176 
1.300000 -7.670903 -12.260044 17.474773 
1.310000 -8.129817 -12.944824 17.949235 
1.320000 -8.611318 -13.632484 18.522979 
1.330000 -9.113434 -14.312256 19.202970 
1.340000 -9.633317 -14.970845 19.995229 
1.350000 -10.167069 -15.592261 20.904211 
1.360000 -10.709589 -16.157772 21.932042 
1.370000 -11.254407 -16.646048 23.077618 
1.380000 -11.793571 -17.033572 24.335629 
1.390000 -12.317571 -17.295397 25.695546 
1.400000 -12.815354 -17.406296 27.140704 
1.410000 -13.274448 -17.342355 28.647630 
1.420000 -13.681239 -17.082962 30.185795 
1.430000 -14.021411 -16.613088 31.718001 
1.440000 -14.280579 -15.925641 33.201577 
1.450000 -14.445085 -15.023569 34.590476 
1.460000 -14.502933 -13.921334 35.838230 
1.470000 -14.444773 -12.645347 36.901546 
1.480000 -14.264831 -11.233086 37.744097 
1.490000 -13.961656 -9.730776 38.339968 
1.500000 -13.538568 -8.189837 38.676146 
1.510000 -13.003695 -6.662542 38.753569 
1.520000 -12.369580 -5.197555 38.586517 
1.530000 -11.652377 -3.836072 38.200459 
1.540000 -10.870747 -2.609115 37.628774 
1.550000 -10.044584 -1.536304 36.908970 
1.560000 -9.193756 -0.626072 36.079046 
1.570000 -8.336987 0.122956 35.174498 
1.580000 -7.490993 0.719864 34.226260 
1.590000 -6.669907 1.179074 33.259635 
1.600000 -5.885009 1.518096 32.294068 
1.610000 -5.144699 1.755621 31.343553 
1.620000 -4.454667 1.910081 30.417404 
1.630000 -3.818192 1.998667 29.521185 
1.640000 -3.236506 2.036762 28.657641 
1.650000 -2.709179 2.037679 27.827517 
1.660000 -2.234493 2.012630 27.030245 
1.670000 -1.809781 1.970834 26.264467 
1.680000 -1.431720 1.919716 25.528413 
1.690000 -1.096576 1.865133 24.820171 
1.700000 -0.800405 1.811613 24.137847 
1.710000 -0.539203 1.762584 23.479671 
1.720000 -0.309025 1.720584 22.844042 
1.730000 -0.106064 1.687445 22.229551 
1.740000 0.073287 1.664450 21.634973 
1.750000 0.232403 1.652470 21.059260 
1.760000 0.374410 1.652076 20.501520 
1.770000 0.502177 1.663630 19.960999 
1.780000 0.618322 1.687364 19.437060 
1.790000 0.725226 1.723437 18.929171 
1.800000 0.825047 1.771987 18.436892 
1.810000 0.919741 1.833167 17.959862 
1.820000 1.011084 1.907179 17.497792 
1.830000 1.100693 1.994293 17.050468 
1.840000 1.190053 2.094871 16.617740 
1.850000 1.280535 2.209377 16.199530 
1.860000 1.373419 2.338393 15.795834 
1.870000 1.469917 2.482623 15.406728 
1.880000 1.571187 2.642907 15.032374 
1.890000 1.678359 2.820224 14.673036 
1.900000 1.792546 3.015696 14.329089 
1.910000 1.914861 3.230596 14.001037 
1.920000 2.046434 3.466351 13.689538 
1.930000 2.188426 3.724542 13.395420 
1.940000 2.342038 4.006907 13.119718 
1.950000 2.508525 4.315340 12.863702 
1.960000 2.689206 4.651884 12.628921 
1.970000 2.885474 5.018725 12.417249 
1.980000 3.098799 5.418174 12.230936 
1.990000 3.330736 5.852644 12.072676 
2.000000 3.582927 6.324615 11.945674 
2.010000 3.857096 6.836583 11.853729 
2.020000 4.155045 7.390995 11.801323 
2.030000 4.478640 7.990147 11.793720 
2.040000 4.829790 8.636066 11.837071 
2.050000 5.210418 9.330341 11.938520 
2.060000 5.622410 10.073908 12.106309 
2.070000 6.067560 10.866777 12.349871 
2.080000 6.547482 11.707691 12.679889 
2.090000 7.063503 12.593695 13.108317 
2.100000 7.616522 13.519633 13.648318 
2.110000 8.206833 14.477535 14.314089 
2.120000 8.833903 15.455940 15.120527 
2.130000 9.496107 16.439141 16.082676 
2.140000 10.190410 17.406431 17.214883 
2.150000 10.912012 18.331414 18.529606 
2.160000 11.653953 19.181511 20.035809 
2.170000 12.406708 19.917839 21.736925 
2.180000 13.157821 20.495702 23.628422 
2.190000 13.891609 20.865949 25.695119 
2.200000 14.589043 20.977475 27.908532 
2.210000 15.227887 20.781044 30.224717 
2.220000 15.783202 20.234457 32.583238 
2.230000 16.228328 19.308730 34.907997 
2.240000 16.536368 17.994590 37.110601 
2.250000 16.682190 16.308082 39.096637 
2.260000 16.644779 14.293839 40.774605 
2.270000 16.409685 12.024596 42.066460 
2.280000 15.971176 9.596088 42.917887 
2.290000 15.333668 7.117565 43.306018 
2.300000 14.512057 4.699416 43.242574 
2.310000 13.530793 2.440410 42.771421 
2.320000 12.421755 0.417316 41.961056 
2.330000 11.221311 -1.321066 40.893933 
2.340000 9.967073 -2.754723 39.655187 
2.350000 8.694894 -3.888857 38.323150 
2.360000 7.436519 -4.747555 36.963068 
2.370000 6.218111 -5.366620 35.624333 
2.380000 5.059638 -5.787043 34.340648 
2.390000 3.974970 -6.049987 33.132094 
2.400000 2.972474 -6.193486 32.008087 
2.410000 2.055878 -6.250691 30.970438 
2.420000 1.225221 -6.249252 30.016053 
2.430000 0.477774 -6.211461 29.139058 
2.440000 -0.191150 -6.154788 28.332339 
2.450000 -0.787513 -6.092605 27.588575 
2.460000 -1.318023 -6.034919 26.900860 
2.470000 -1.789712 -5.989057 26.263045 
2.480000 -2.209647 -5.960253 25.669884 
2.490000 -2.584707 -5.952138 25.117055 
2.500000 -2.921450 -5.967132 24.601112 
2.510000 -3.226019 -6.006757 24.119409 
2.520000 -3.504092 -6.071878 23.670004 
2.530000 -3.760871 -6.162887 23.251568 
2.540000 -4.001073 -6.279840 22.863304 
2.550000 -4.228949 -6.422565 22.504877 
2.560000 -4.448311 -6.590725 22.176354 
2.570000 -4.662552 -6.783872 21.878161 
2.580000 -4.874684 -7.001467 21.611045 
2.590000 -5.087363 -7.242894 21.376049 
2.600000 -5.302916 -7.507449 21.174494 
2.610000 -5.523369 -7.794326 21.007954 
2.620000 -5.750465 -8.102579 20.878252 
2.630000 -5.985676 -8.431087 20.787434 
2.640000 -6.230217 -8.778497 20.737760 
2.650000 -6.485045 -9.143165 20.731673 
2.660000 -6.750857 -9.523088 20.771766 
2.670000 -7.028080 -9.915824 20.860743 
2.680000 -7.316855 -10.318419 21.001348 
2.690000 -7.617011 -10.727316 21.196296 
2.700000 -7.928041 -11.138282 21.448162 
2.710000 -8.249066 -11.546331 21.759259 
2.720000 -8.578792 -11.945671 22.131476 
2.730000 -8.915480 -12.329663 22.566098 
2.740000 -9.256898 -12.690824 23.063584 
2.750000 -9.600291 -13.020875 23.623332 
2.760000 -9.942349 -13.310839 24.243418 
2.770000 -10.279198 -13.551223 24.920337 
2.780000 -10.606401 -13.732276 25.648752 
2.790000 -10.918988 -13.844336 26.421285 
2.800000 -11.211523 -13.878272 27.228379 
2.810000 -11.478198 -13.826000 28.058255 
2.820000 -11.712978 -13.681053 28.897010 
2.830000 -11.909786 -13.439176 29.728882 
2.840000 -12.062725 -13.098878 30.536689 
2.850000 -12.166340 -12.661896 31.302459 
2.860000 -12.215896 -12.133488 32.008216 
2.870000 -12.207655 -11.522514 32.636878 
2.880000 -12.139141 -10.841235 33.173190 
2.890000 -12.009350 -10.104842 33.604604 
2.900000 -11.818899 -9.330717 33.922007 
2.910000 -11.570081 -8.537494 34.120208 
2.920000 -11.266822 -7.744006 34.198131 
2.930000 -10.914541 -6.968233 34.158684 
2.940000 -10.519910 -6.226359 34.008337 
2.950000 -10.090555 -5.532023 33.756455 
2.960000 -9.634702 -4.895845 33.414495 
2.970000 -9.160816 -4.325216 32.995142 
2.980000 -8.677256 -3.824368 32.511496 
2.990000 -8.191967 -3.394651 31.976373 
3.000000 -7.712236 -3.034961 31.401759 
3.010000 -7.244508 -2.742260 30.798442 
3.020000 -6.794283 -2.512104 30.175813 
3.030000 -6.366065 -2.339152 29.541804 
3.040000 -5.963374 -2.217608 28.902935 
3.050000 -5.588797 -2.141586 28.264434 
3.060000 -5.244076 -2.105392 27.630405 
3.070000 -4.930208 -2.103720 27.004002 
3.080000 -4.647559 -2.131787 26.387613 
3.090000 -4.395982 -2.185406 25.783020 
3.100000 -4.174924 -2.261010 25.191543 
3.110000 -3.983533 -2.355651 24.614164 
3.120000 -3.820745 -2.466970 24.051624 
3.130000 -3.685367 -2.593158 23.504504 
3.140000 -3.576146 -2.732902 22.973285 
3.150000 -3.491822 -2.885336 22.458396 
3.160000 -3.431173 -3.049985 21.960256 
3.170000 -3.393055 -3.226720 21.479300 
3.180000 -3.376421 -3.415703 21.016003 
3.190000 -3.380349 -3.617355 20.570905 
3.200000 -3.404050 -3.832311 20.144627 
3.210000 -3.446876 -4.061389 19.737890 
3.220000 -3.508327 -4.305560 19.351538 
3.230000 -3.588051 -4.565920 18.986550 
3.240000 -3.685838 -4.843668 18.644069 
3.250000 -3.801621 -5.140076 18.325424 
3.260000 -3.935466 -5.456466 18.032152 
3.270000 -4.087566 -5.794183 17.766032 
3.280000 -4.258228 -6.154561 17.529112 
3.290000 -4.447861 -6.538890 17.323744 
3.300000 -4.656964 -6.948366 17.152619 
3.310000 -4.886104 -7.384041 17.018798 
3.320000 -5.135898 -7.846753 16.925756 
3.330000 -5.406983 -8.337048 16.877403 
3.340000 -5.699990 -8.855074 16.878122 
3.350000 -6.015498 -9.400469 16.932777 
3.360000 -6.353995 -9.972213 17.046722 
3.370000 -6.715817 -10.568462 17.225776 
3.380000 -7.101082 -11.186354 17.476181 
3.390000 -7.509609 -11.821796 17.804501 
3.400000 -7.940828 -12.469220 18.217485 
3.410000 -8.393667 -13.121340 18.721845 
3.420000 -8.866434 -13.768904 19.323957 
3.430000 -9.356681 -14.400471 20.029463 
3.440000 -9.861060 -15.002244 20.842750 
3.450000 -10.375179 -15.558002 21.766324 
3.460000 -10.893461 -16.049177 22.800059 
3.470000 -11.409033 -16.455139 23.940368 
3.480000 -11.913643 -16.753753 25.179331 
3.490000 -12.397654 -16.922259 26.503864 
3.500000 -12.850115 -16.938523 27.895058 
3.510000 -13.258956 -16.782623 29.327809 
3.520000 -13.611322 -16.438743 30.770934 
3.530000 -13.894064 -15.897195 32.187906 
3.540000 -14.094377 -15.156352 33.538329 
3.550000 -14.200575 -14.224196 34.780167 
3.560000 -14.202937 -13.119131 35.872613 
3.570000 -14.094556 -11.869798 36.779312 
3.580000 -13.872080 -10.513694 37.471526 
3.590000 -13.536242 -9.094660 37.930753 
3.600000 -13.092084 -7.659462 38.150342 
3.610000 -12.548822 -6.253977 38.135782 
3.620000 -11.919337 -4.919516 37.903629 
3.630000 -11.219355 -3.689874 37.479239 
3.640000 -10.466407 -2.589465 36.893772 
3.650000 -9.678713 -1.632712 36.180962 
3.660000 -8.874113 -0.824573 35.374162 
3.670000 -8.069159 -0.161936 34.504025 
3.680000 -7.278436 0.364503 33.596984 
3.690000 -6.514142 0.768231 32.674535 
3.700000 -5.785905 1.065055 31.753170 
3.710000 -5.100809 1.271559 30.844796 
3.720000 -4.463572 1.403951 29.957408 
3.730000 -3.876820 1.477282 29.095878 
3.740000 -3.341410 1.504994 28.262716 
3.750000 -2.856769 1.498723 27.458756 
3.760000 -2.421220 1.468273 26.683707 
3.770000 -2.032271 1.421720 25.936591 
3.780000 -1.686872 1.365569 25.216056 
3.790000 -1.381628 1.304952 24.520592 
3.800000 -1.112970 1.243830 23.848680 
3.810000 -0.877290 1.185189 23.198872 
3.820000 -0.671042 1.131217 22.569838 
3.830000 -0.490816 1.083466 21.960384 
3.840000 -0.333388 1.042988 21.369456 
3.850000 -0.195750 1.010453 20.796127 
3.860000 -0.075130 0.986247 20.239586 
3.870000 0.031008 0.970554 19.699122 
3.880000 0.124962 0.963422 19.174113 
3.890000 0.208808 0.964817 18.664008 
3.900000 0.284409 0.974663 18.168315 
3.910000 0.353435 0.992879 17.686599 
3.920000 0.417379 1.019401 17.218466 
3.930000 0.477581 1.054207 16.763561 
3.940000 0.535244 1.097328 16.321568 
3.950000 0.591452 1.148863 15.892199 
3.960000 0.647193 1.208986 15.475202 
3.970000 0.703373 1.277956 15.070355 
3.980000 0.760831 1.356120 14.677467 
3.990000 0.820360 1.443920 14.296386 
4.000000 0.882716 1.541900 13.926994 
4.010000 0.948634 1.650706 13.569218 
4.020000 1.018841 1.771094 13.223032 
4.030000 1.094067 1.903937 12.888462 
4.040000 1.175054 2.050228 12.565600 
4.050000 1.262571 2.211088 12.254609 
4.060000 1.357423 2.387774 11.955736 
4.070000 1.460458 2.581685 11.669328 
4.080000 1.572581 2.794371 11.395851 
4.090000 1.694760 3.027541 11.135905 
4.100000 1.828038 3.283071 10.890257 
4.110000 1.973541 3.563013 10.659866 
4.120000 2.132488 3.869597 10.445921 
4.130000 2.306199 4.205240 10.249881 
4.140000 2.496103 4.572541 10.073532 
4.150000 2.703747 4.974278 9.919040 
4.160000 2.930800 5.413399 9.789024 
4.170000 3.179060 5.892992 9.686640 
4.180000 3.450453 6.416255 9.615671 
4.190000 3.747033 6.986435 9.580643 
4.200000 4.070974 7.606750 9.586943 
4.210000 4.424551 8.280274 9.640960 
4.220000 4.810124 9.009776 9.750233 
4.230000 5.230089 9.797515 9.923608 
4.240000 5.686831 10.644951 10.171397 
4.250000 6.182643 11.552384 10.505520 
4.260000 6.719617 12.518481 10.939616 
4.270000 7.299504 13.539689 11.489087 
4.280000 7.923522 14.609507 12.171041 
4.290000 8.592121 15.717623 13.004068 
4.300000 9.304671 16.848915 14.007770 
4.310000 10.059095 17.982357 15.201965 
4.320000 10.851422 19.089900 16.605442 
4.330000 11.675269 20.135473 18.234156 
4.340000 12.521290 21.074307 20.098782 
4.350000 13.376591 21.852898 22.201590 
4.360000 14.224222 22.409998 24.532720 
4.370000 15.042800 22.679092 27.066162 
4.380000 15.806429 22.592776 29.755968 
4.390000 16.485064 22.089293 32.533587 
4.400000 17.045487 21.121035 35.307459 
4.410000 17.453041 19.664233 37.966110 
4.420000 17.674161 17.728201 40.385687 
4.430000 17.679565 15.361853 42.442046 
4.440000 17.447794 12.654944 44.026167 
4.450000 16.968509 9.732182 45.060144 
4.460000 16.244876 6.740008 45.509946 
4.470000 15.294389 3.828139 45.391254 
4.480000 14.147764 1.129971 44.766311 
4.490000 12.845985 -1.253386 43.732408 
4.500000 11.436048 -3.261835 42.405201 
4.510000 9.966259 -4.876603 40.901370 
4.520000 8.481973 -6.113621 39.324652 
4.530000 7.022414 -7.013038 37.757439 
4.540000 5.618869 -7.628116 36.258090 
4.550000 4.294170 -8.015846 34.862593 
4.560000 3.063169 -8.230379 33.588710 
4.570000 1.933814 -8.319267 32.440901 
4.580000 0.908506 -8.321953 31.414931 
4.590000 -0.014540 -8.269758 30.501594 
4.600000 -0.840062 -8.186697 29.689421 
4.610000 -1.574725 -8.090638 28.966476 
4.620000 -2.226317 -7.994512 28.321442 
4.630000 -2.803136 -7.907410 27.744187 
4.640000 -3.313564 -7.835507 27.225997 
4.650000 -3.765758 -7.782799 26.759605 
4.660000 -4.167462 -7.751681 26.339097 
4.670000 -4.525884 -7.743382 25.959770 
4.680000 -4.847634 -7.758287 25.617966 
4.690000 -5.138699 -7.796176 25.310913 
4.700000 -5.404447 -7.856398 25.036577 
4.710000 -5.649642 -7.937991 24.793530 
4.720000 -5.878477 -8.039765 24.580838 
4.730000 -6.094606 -8.160362 24.397964 
4.740000 -6.301181 -8.298288 24.244694 
4.750000 -6.500892 -8.451934 24.121059 
4.760000 -6.695996 -8.619581 24.027282 
4.770000 -6.888355 -8.799398 23.963721 
4.780000 -7.079459 -8.989437 23.930822 
4.790000 -7.270457 -9.187619 23.929070 
4.800000 -7.462173 -9.391718 23.958944 
4.810000 -7.655127 -9.599351 24.020865 
4.820000 -7.849550 -9.807965 24.115151 
4.830000 -8.045391 -10.014829 24.241961 
4.840000 -8.242335 -10.217029 24.401241 
4.850000 -8.439805 -10.411481 24.592663 
4.860000 -8.636972 -10.594939 24.815568 
4.870000 -8.832769 -10.764028 25.068901 
4.880000 -9.025895 -10.915285 25.351159 
4.890000 -9.214834 -11.045214 25.660330 
4.900000 -9.397872 -11.150358 25.993852 
4.910000 -9.573120 -11.227390 26.348579 
4.920000 -9.738547 -11.273208 26.720762 
4.930000 -9.892013 -11.285055 27.106055 
4.940000 -10.031318 -11.260634 27.499546 
4.950000 -10.154249 -11.198230 27.895815 
4.960000 -10.258647 -11.096827 28.289023 
4.970000 -10.342465 -10.956209 28.673033 
4.980000 -10.403840 -10.777038 29.041561 
4.990000 -10.441159 -10.560906 29.388345 
5.000000 -10.453134 -10.310337 29.707337 
5.010000 -10.438854 -10.028764 29.992895 
5.020000 -10.397845 -9.720441 30.239972 
5.030000 -10.330105 -9.390327 30.444289 
5.040000 -10.236127 -9.043926 30.602472 
5.050000 -10.116907 -8.687095 30.712154 
5.060000 -9.973926 -8.325838 30.772029 
5.070000 -9.809117 -7.966099 30.781854 
5.080000 -9.624815 -7.613563 30.742409 
5.090000 -9.423690 -7.273476 30.655402 
5.100000 -9.208669 -6.950504 30.523355 
5.110000 -8.982852 -6.648632 30.349448 
5.120000 -8.749430 -6.371098 30.137366 
5.130000 -8.511597 -6.120380 29.891137 
5.140000 -8.272475 -5.898210 29.614982 
5.150000 -8.035049 -5.705629 29.313177 
5.160000 -7.802107 -5.543058 28.989943 
5.170000 -7.576202 -5.410391 28.649353 
5.180000 -7.359621 -5.307091 28.295272 
5.190000 -7.154368 -5.232289 27.931313 
5.200000 -6.962160 -5.184880 27.560816 
5.210000 -6.784432 -5.163608 27.186840 
5.220000 -6.622349 -5.167140 26.812179 
5.230000 -6.476828 -5.194130 26.439374 
5.240000 -6.348559 -5.243268 26.070739 
5.250000 -6.238030 -5.313316 25.708391 
5.260000 -6.145558 -5.403134 25.354280 
5.270000 -6.071316 -5.511697 25.010219 
5.280000 -6.015354 -5.638099 24.677912 
5.290000 -5.977628 -5.781553 24.358986 
5.300000 -5.958021 -5.941384 24.055013 
5.310000 -5.956357 -6.117013 23.767535 
5.320000 -5.972423 -6.307944 23.498085 
5.330000 -6.005975 -6.513738 23.248207 
5.340000 -6.056751 -6.733992 23.019468 
5.350000 -6.124475 -6.968311 22.813476 
5.360000 -6.208859 -7.216275 22.631890 
5.370000 -6.309600 -7.477411 22.476421 
5.380000 -6.426381 -7.751152 22.348844 
5.390000 -6.558859 -8.036806 22.250994 
5.400000 -6.706653 -8.333507 22.184757 
5.410000 -6.869339 -8.640180 22.152063 
5.420000 -7.046423 -8.955493 22.154864 
5.430000 -7.237330 -9.277811 22.195110 
5.440000 -7.441378 -9.605152 22.274706 
5.450000 -7.657755 -9.935141 22.395469 
5.460000 -7.885494 -10.264971 22.559065 
5.470000 -8.123441 -10.591366 22.766934 
5.480000 -8.370234 -10.910557 23.020199 
5.490000 -8.624266 -11.218272 23.319566 
5.500000 -8.883667 -11.509743 23.665205 
5.510000 -9.146274 -11.779734 24.056620 
5.520000 -9.409620 -12.022609 24.492517 
5.530000 -9.670919 -12.232424 24.970665 
5.540000 -9.927070 -12.403064 25.487768 
5.550000 -10.174669 -12.528424 26.039355 
5.560000 -10.410045 -12.602629 26.619698 
5.570000 -10.629303 -12.620293 27.221779 
5.580000 -10.828402 -12.576810 27.837314 
5.590000 -11.003243 -12.468658 28.456853 
5.600000 -11.149784 -12.293703 29.069961 
5.610000 -11.264176 -12.051467 29.665483 
5.620000 -11.342905 -11.743350 30.231902 
5.630000 -11.382950 -11.372754 30.757755 
5.640000 -11.381930 -10.945112 31.232103 
5.650000 -11.338248 -10.467785 31.645012 
5.660000 -11.251202 -9.949827 31.988008 
5.670000 -11.121065 -9.401630 32.254470 
5.680000 -10.949121 -8.834471 32.439912 
5.690000 -10.737656 -8.259995 32.542145 
5.700000 -10.489890 -7.689675 32.561284 
5.710000 -10.209869 -7.134305 32.499622 
5.720000 -9.902312 -6.603556 32.361368 
5.730000 -9.572437 -6.105645 32.152303 
5.740000 -9.225757 -5.647112 31.879367 
5.750000 -8.867893 -5.232739 31.550240 
5.760000 -8.504377 -4.865581 31.172934 
5.770000 -8.140498 -4.547087 30.755443 
5.780000 -7.781157 -4.277309 30.305453 
5.790000 -7.430772 -4.055145 29.830132 
5.800000 -7.093209 -3.878601 29.335990 
5.810000 -6.771748 -3.745050 28.828814 
5.820000 -6.469078 -3.651474 28.313651 
5.830000 -6.187318 -3.594669 27.794837 
5.840000 -5.928053 -3.571416 27.276055 
5.850000 -5.692389 -3.578618 26.760409 
5.860000 -5.481012 -3.613394 26.250507 
5.870000 -5.294251 -3.673150 25.748544 
5.880000 -5.132141 -3.755616 25.256382 
5.890000 -4.994488 -3.858867 24.775622 
5.900000 -4.880926 -3.981319 24.307670 
5.910000 -4.790965 -4.121726 23.853790 
5.920000 -4.724041 -4.279152 23.415160 
5.930000 -4.679552 -4.452950 22.992904 
5.940000 -4.656892 -4.642730 22.588138 
5.950000 -4.655476 -4.848328 22.201995 
5.960000 -4.674761 -5.069769 21.835655 
5.970000 -4.714262 -5.307240 21.490370 
5.980000 -4.773560 -5.561048 21.167491 
5.990000 -4.852309 -5.831592 20.868484 
6.000000 -4.950237 -6.119319 20.594958 
6.010000 -5.067145 -6.424693 20.348680 
6.020000 -5.202900 -6.748150 20.131597 
6.030000 -5.357425 -7.090053 19.945854 
6.040000 -5.530688 -7.450648 19.793809 
6.050000 -5.722684 -7.830000 19.678046 
6.060000 -5.933415 -8.227939 19.601384 
6.070000 -6.162868 -8.643984 19.566878 
6.080000 -6.410979 -9.077267 19.577812 
6.090000 -6.677608 -9.526439 19.637679 
6.100000 -6.962491 -9.989577 19.750146 
6.110000 -7.265200 -10.464077 19.918999 
6.120000 -7.585087 -10.946537 20.148061 
6.130000 -7.921232 -11.432648 20.441084 
6.140000 -8.272374 -11.917081 20.801595 
6.150000 -8.636845 -12.393389 21.232712 
6.160000 -9.012499 -12.853935 21.736904 
6.170000 -9.396643 -13.289857 22.315714 
6.180000 -9.785964 -13.691091 22.969428 
6.190000 -10.176477 -14.046470 23.696716 
6.200000 -10.563476 -14.343928 24.494239 
6.210000 -10.941521 -14.570819 25.356277 
6.220000 -11.304451 -14.714374 26.274379 
6.230000 -11.645443 -14.762303 27.237108 
6.240000 -11.957129 -14.703522 28.229920 
6.250000 -12.231769 -14.528995 29.235242 
6.260000 -12.461491 -14.232613 30.232788 
6.270000 -12.638603 -13.812048 31.200176 
6.280000 -12.755948 -13.269470 32.113822 
6.290000 -12.807300 -12.612018 32.950100 
6.300000 -12.787772 -11.851924 33.686689 
6.310000 -12.694187 -11.006204 34.303975 
6.320000 -12.525389 -10.095903 34.786350 
6.330000 -12.282440 -9.144928 35.123265 
6.340000 -11.968689 -8.178568 35.309865 
6.350000 -11.589677 -7.221887 35.347136 
6.360000 -11.152898 -6.298159 35.241539 
6.370000 -10.667424 -5.427536 35.004192 
6.380000 -10.143435 -4.626093 34.649725 
6.390000 -9.591701 -3.905322 34.194977 
6.400000 -9.023063 -3.272065 33.657698 
6.410000 -8.447963 -2.728847 33.055400 
6.420000 -7.876052 -2.274480 32.404454 
6.430000 -7.315894 -1.904838 31.719475 
6.440000 -6.774789 -1.613677 31.012978 
6.450000 -6.258678 -1.393417 30.295289 
6.460000 -5.772152 -1.235828 29.574624 
6.470000 -5.318519 -1.132580 28.857301 
6.480000 -4.899925 -1.075659 28.148009 
6.490000 -4.517499 -1.057650 27.450102 
6.500000 -4.171514 -1.071915 26.765879 
6.510000 -3.861554 -1.112677 26.096837 
6.520000 -3.586666 -1.175042 25.443888 
6.530000 -3.345504 -1.254971 24.807529 
6.540000 -3.136451 -1.349226 24.187980 
6.550000 -2.957728 -1.455295 23.585285 
6.560000 -2.807485 -1.571318 22.999388 
6.570000 -2.683868 -1.695996 22.430186 
6.580000 -2.585081 -1.828522 21.877566 
6.590000 -2.509425 -1.968507 21.341433 
6.600000 -2.455333 -2.115914 20.821726 
6.610000 -2.421391 -2.271005 20.318433 
6.620000 -2.406353 -2.434296 19.831598 
6.630000 -2.409147 -2.606514 19.361333 
6.640000 -2.428884 -2.788567 18.907825 
6.650000 -2.464852 -2.981519 18.471348 
6.660000 -2.516519 -3.186571 18.052269 
6.670000 -2.583524 -3.405042 17.651065 
6.680000 -2.665676 -3.638359 17.268340 
6.690000 -2.762944 -3.888047 16.904838 
6.700000 -2.875454 -4.155719 16.561467 
6.710000 -3.003481 -4.443072 16.239324 
6.720000 -3.147440 -4.751871 15.939722 
6.730000 -3.307883 -5.083942 15.664225 
6.740000 -3.485489 -5.441156 15.414683 
6.750000 -3.681056 -5.825404 15.193276 
6.760000 -3.895490 -6.238572 15.002558 
6.770000 -4.129799 -6.682501 14.845513 
6.780000 -4.385069 -7.158930 14.725606 
6.790000 -4.662455 -7.669432 14.646848 
6.800000 -4.963153 -8.215322 14.613849 
6.810000 -5.288370 -8.797544 14.631885 
6.820000 -5.639287 -9.416524 14.706948 
6.830000 -6.017011 -10.071992 14.845788 
6.840000 -6.422509 -10.762762 15.055933 
6.850000 -6.856534 -11.486469 15.345681 
6.860000 -7.319528 -12.239252 15.724036 
6.870000 -7.811500 -13.015402 16.200584 
6.880000 -8.331890 -13.806959 16.785266 
6.890000 -8.879397 -14.603289 17.488040 
6.900000 -9.451786 -15.390655 18.318376 
6.910000 -10.045673 -16.151834 19.284578 
6.920000 -10.656289 -16.865839 20.392883 
6.930000 -11.277244 -17.507817 21.646345 
6.940000 -11.900301 -18.049256 23.043509 
6.950000 -12.515197 -18.458601 24.576931 
6.960000 -13.109537 -18.702419 26.231676 
6.970000 -13.668825 -18.747213 27.983966 
6.980000 -14.176664 -18.561933 29.800250 
6.990000 -14.615191 -18.121098 31.637040 
7.000000 -14.965782 -17.408327 33.441819 
7.010000 -15.210036 -16.419833 35.155329 
7.020000 -15.331016 -15.167306 36.715316 
7.030000 -15.314645 -13.679487 38.061543 
7.040000 -15.151129 -12.001802 39.141534 
7.050000 -14.836196 -10.193716 39.916168 
7.060000 -14.371948 -8.323873 40.364097 
7.070000 -13.767141 -6.463673 40.484023 
7.080000 -13.036794 -4.680343 40.294312 
7.090000 -12.201149 -3.030755 39.829964 
7.100000 -11.284110 -1.557056 39.137619 
7.110000 -10.311404 -0.284704 38.269649 
7.120000 -9.308734 0.777088 37.278482 
7.130000 -8.300152 1.633026 36.212052 
7.140000 -7.306834 2.298308 35.110853 
7.150000 -6.346320 2.794904 34.006630 
7.160000 -5.432198 3.148155 32.922413 
7.170000 -4.574162 3.384068 31.873468 
7.180000 -3.778339 3.527406 30.868717 
7.190000 -3.047765 3.600522 29.912273 
7.200000 -2.382936 3.622798 29.004877 
7.210000 -1.782363 3.610516 28.145085 
7.220000 -1.243075 3.576997 27.330197 
7.230000 -0.761068 3.532901 26.556927 
7.240000 -0.331671 3.486589 25.821854 
7.250000 0.050155 3.444499 25.121708 
7.260000 0.389590 3.411497 24.453523 
7.270000 0.691780 3.391199 23.814720 
7.280000 0.961722 3.386240 23.203120 
7.290000 1.204174 3.398510 22.616937 
7.300000 1.423608 3.429347 22.054742 
7.310000 1.624182 3.479690 21.515436 
7.320000 1.809732 3.550215 20.998208 
7.330000 1.983781 3.641426 20.502505 
7.340000 2.149545 3.753746 20.028009 
7.350000 2.309965 3.887570 19.574618 
7.360000 2.467726 4.043317 19.142429 
7.370000 2.625285 4.221465 18.731743 
7.380000 2.784903 4.422568 18.343055 
7.390000 2.948669 4.647279 17.977071 
7.400000 3.118530 4.896349 17.634715 
7.410000 3.296312 5.170631 17.317150 
7.420000 3.483744 5.471064 17.025800 
7.430000 3.682476 5.798667 16.762376 
7.440000 3.894095 6.154503 16.528914 
7.450000 4.120136 6.539653 16.327805 
7.460000 4.362088 6.955167 16.161840 
7.470000 4.621396 7.402006 16.034248 
7.480000 4.899457 7.880971 15.948744 
7.490000 5.197608 8.392607 15.909569 
7.500000 5.517108 8.937094 15.921528 
7.510000 5.859106 9.514105 15.990023 
7.520000 6.224606 10.122642 16.121064 
7.530000 6.614410 10.760832 16.321264 
7.540000 7.029052 11.425703 16.597796 
7.550000 7.468717 12.112913 16.958307 
7.560000 7.933137 12.816457 17.410764 
7.570000 8.421469 13.528351 17.963224 
7.580000 8.932157 14.238311 18.623491 
7.590000 9.462772 14.933453 19.398653 
7.600000 10.009840 15.598044 20.294474 
7.610000 10.568661 16.213375 21.314627 
7.620000 11.133132 16.757795 22.459774 
7.630000 11.695599 17.207018 23.726514 
7.640000 12.246740 17.534758 25.106271 
7.650000 12.775542 17.713797 26.584206 
7.660000 13.269368 17.717535 28.138328 
7.670000 13.714184 17.522004 29.738977 
7.680000 14.094966 17.108298 31.348938 
7.690000 14.396300 16.465183 32.924375 
7.700000 14.603188 15.591603 34.416769 
7.710000 14.702029 14.498634 35.775859 
7.720000 14.681690 13.210439 36.953430 
7.730000 14.534565 11.763820 37.907521 
7.740000 14.257490 10.206167 38.606474 
7.750000 13.852358 8.591888 39.032111 
7.760000 13.326311 6.977762 39.181434 
7.770000 12.691456 5.417911 39.066474 
7.780000 11.964102 3.959236 38.712313 
7.790000 11.163615 2.638011 38.153671 
7.800000 10.311055 1.478114 37.430738 
7.810000 9.427761 0.490925 36.584994 
7.820000 8.534077 -0.323357 35.655677 
7.830000 7.648334 -0.973465 34.677264 
7.840000 6.786154 -1.474430 33.678083 
7.850000 5.960095 -1.845009 32.679943 
7.860000 5.179585 -2.105488 31.698514 
7.870000 4.451078 -2.276001 30.744165 
7.880000 3.778370 -2.375386 29.823014 
7.890000 3.162994 -2.420512 28.937983 
7.900000 2.604644 -2.425975 28.089742 
7.910000 2.101582 -2.404053 27.277495 
7.920000 1.651018 -2.364828 26.499572 
7.930000 1.249434 -2.316408 25.753873 
7.940000 0.892850 -2.265180 25.038161 
7.950000 0.577047 -2.216083 24.350252 
7.960000 0.297734 -2.172862 23.688124 
7.970000 0.050674 -2.138295 23.049971 
7.980000 -0.168223 -2.114404 22.434222 
7.990000 -0.362841 -2.102623 21.839533 
8.000000 -0.536819 -2.103949 21.264774 
8.010000 -0.693532 -2.119066 20.709008 
8.020000 -0.836085 -2.148440 20.171464 
8.030000 -0.967321 -2.192409 19.651521 
8.040000 -1.089830 -2.251242 19.148688 
8.050000 -1.205971 -2.325193 18.662591 
8.060000 -1.317893 -2.414548 18.192964 
8.070000 -1.427559 -2.519649 17.739639 
8.080000 -1.536768 -2.640925 17.302551 
8.090000 -1.647183 -2.778911 16.881735 
8.100000 -1.760356 -2.934260 16.477329 
8.110000 -1.877746 -3.107757 16.089587 
8.120000 -2.000747 -3.300327 15.718887 
8.130000 -2.130705 -3.513038 15.365748 
8.140000 -2.268939 -3.747106 15.030847 
8.150000 -2.416755 -4.003897 14.715044 
8.160000 -2.575470 -4.284923 14.419407 
8.170000 -2.746415 -4.591838 14.145247 
8.180000 -2.930957 -4.926428 13.894151 
8.190000 -3.130504 -5.290600 13.668032 
8.200000 -3.346514 -5.686357 13.469174 
8.210000 -3.580498 -6.115770 13.300290 
8.220000 -3.834025 -6.580935 13.164591 
8.230000 -4.108716 -7.083919 13.065850 
8.240000 -4.406237 -7.626682 13.008485 
8.250000 -4.728281 -8.210976 12.997642 
8.260000 -5.076551 -8.838220 13.039276 
8.270000 -5.452718 -9.509327 13.140239 
8.280000 -5.858379 -10.224494 13.308349 
8.290000 -6.294990 -10.982942 13.552450 
8.300000 -6.763785 -11.782584 13.882426 
8.310000 -7.265665 -12.619641 14.309177 
8.320000 -7.801063 -13.488174 14.844500 
8.330000 -8.369774 -14.379561 15.500867 
8.340000 -8.970753 -15.281915 16.291048 
8.350000 -9.601869 -16.179477 17.227522 
8.360000 -10.259630 -17.052041 18.321654 
8.370000 -10.938871 -17.874483 19.582553 
8.380000 -11.632432 -18.616512 21.015618 
8.390000 -12.330840 -19.242800 22.620755 
8.400000 -13.022036 -19.713678 24.390333 
8.410000 -13.691200 -19.986594 26.307047 
8.420000 -14.320740 -20.018513 28.341930 
8.430000 -14.890517 -19.769361 30.452944 
8.440000 -15.378401 -19.206412 32.584626 
8.450000 -15.761202 -18.309305 34.669342 
8.460000 -16.016013 -17.075044 36.630593 
8.470000 -16.121916 -15.522017 38.388518 
8.480000 -16.061926 -13.691968 39.867271 
8.490000 -15.824930 -11.648936 41.003337 
8.500000 -15.407331 -9.474678 41.753351 
8.510000 -14.814066 -7.260907 42.099723 
8.520000 -14.058750 -5.099556 42.052700 
8.530000 -13.162830 -3.072926 41.648228 
8.540000 -12.153840 -1.245704 40.942093 
8.550000 -11.063026 0.339714 40.001704 
8.560000 -9.922752 1.664069 38.897409 
8.570000 -8.764070 2.728751 37.695024 
8.580000 -7.614788 3.551142 36.450674 
8.590000 -6.498195 4.159132 35.208244 
8.600000 -5.432462 4.585946 33.999089 
8.610000 -4.430621 4.865985 32.843316 
8.620000 -3.500961 5.031914 31.751901 
8.630000 -2.647673 5.112948 30.729019 
8.640000 -1.871611 5.134074 29.774204 
8.650000 -1.171043 5.115939 28.884135 
8.660000 -0.542345 5.075133 28.053982 
8.670000 0.019403 5.024675 27.278351 
8.680000 0.519930 4.974568 26.551903 
8.690000 0.965394 4.932351 25.869717 
8.700000 1.362090 4.903594 25.227474 
8.710000 1.716240 4.892322 24.621533 
8.720000 2.033848 4.901381 24.048923 
8.730000 2.320602 4.932726 23.507305 
8.740000 2.581814 4.987657 22.994912 
8.750000 2.822398 5.067002 22.510487 
8.760000 3.046859 5.171268 22.053218 
8.770000 3.259300 5.300745 21.622693 
8.780000 3.463444 5.455594 21.218855 
8.790000 3.662659 5.635899 20.841971 
8.800000 3.859983 5.841714 20.492609 
8.810000 4.058156 6.073081 20.171628 
8.820000 4.259649 6.330038 19.880173 
8.830000 4.466688 6.612613 19.619673 
8.840000 4.681280 6.920810 19.391846 
8.850000 4.905233 7.254574 19.198713 
8.860000 5.140167 7.613752 19.042601 
8.870000 5.387526 7.998040 18.926158 
8.880000 5.648577 8.406915 18.852357 
8.890000 5.924411 8.839557 18.824498 
8.900000 6.215926 9.294756 18.846203 
8.910000 6.523809 9.770802 18.921393 
8.920000 6.848508 10.265365 19.054251 
8.930000 7.190194 10.775361 19.249162 
8.940000 7.548710 11.296810 19.510620 
8.950000 7.923520 11.824681 19.843101 
8.960000 8.313636 12.352747 20.250882 
8.970000 8.717548 12.873453 20.737821 
8.980000 9.133138 13.377803 21.307062 
8.990000 9.557605 13.855300 21.960687 
9.000000 9.987374 14.293961 22.699303 
9.010000 10.418033 14.680421 23.521580 
9.020000 10.844272 15.000181 24.423749 
9.030000 11.259863 15.237997 25.399109 
9.040000 11.657676 15.378474 26.437577 
9.050000 12.029756 15.406831 27.525348 
9.060000 12.367463 15.309862 28.644743 
9.070000 12.661703 15.077026 29.774325 
9.080000 12.903235 14.701596 30.889351 
9.090000 13.083071 14.181760 31.962616 
9.100000 13.192940 13.521510 32.965690 
9.110000 13.225797 12.731175 33.870489 
9.120000 13.176335 11.827444 34.651076 
9.130000 13.041446 10.832802 35.285471 
9.140000 12.820582 9.774343 35.757279 
9.150000 12.515958 8.682071 36.056879 
9.160000 12.132569 7.586855 36.182006 
9.170000 11.677998 6.518299 36.137633 
9.180000 11.162028 5.502803 35.935170 
9.190000 10.596105 4.562049 35.591123 
9.200000 9.992700 3.712065 35.125426 
9.210000 9.364636 2.962922 34.559684 
9.220000 8.724465 2.319003 33.915559 
9.230000 8.083919 1.779712 33.213465 
9.240000 7.453498 1.340462 32.471643 
9.250000 6.842194 0.993764 31.705643 
9.260000 6.257351 0.730279 30.928155 
9.270000 5.704644 0.539751 30.149100 
9.280000 5.188155 0.411755 29.375915 
9.290000 4.710515 0.336253 28.613920 
9.300000 4.273089 0.303972 27.866721 
9.310000 3.876177 0.306627 27.136598 
9.320000 3.519222 0.337028 26.424840 
9.330000 3.201003 0.389091 25.732039 
9.340000 2.919811 0.457798 25.058306 
9.350000 2.673610 0.539111 24.403451 
9.360000 2.460160 0.629878 23.767106 
9.370000 2.277132 0.727715 23.148813 
9.380000 2.122190 0.830906 22.548082 
9.390000 1.993062 0.938297 21.964433 
9.400000 1.887585 1.049207 21.397416 
9.410000 1.803747 1.163344 20.846623 
9.420000 1.739707 1.280739 20.311697 
9.430000 1.693810 1.401686 19.792333 
9.440000 1.664598 1.526691 19.288279 
9.450000 1.650807 1.656440 18.799338 
9.460000 1.651371 1.791760 18.325367 
9.470000 1.665409 1.933607 17.866279 
9.480000 1.692229 2.083039 17.422048 
9.490000 1.731310 2.241212 16.992709 
9.500000 1.782300 2.409370 16.578373 
9.510000 1.845007 2.588844 16.179225 
9.520000 1.919391 2.781049 15.795543 
9.530000 2.005557 2.987490 15.427708 
9.540000 2.103750 3.209760 15.076218 
9.550000 2.214351 3.449546 14.741711 
9.560000 2.337871 3.708636 14.424984 
9.570000 2.474947 3.988916 14.127021 
9.580000 2.626344 4.292376 13.849024 
9.590000 2.792947 4.621105 13.592449 
9.600000 2.975763 4.977289 13.359049 
9.610000 3.175916 5.363196 13.150920 
9.620000 3.394644 5.781159 12.970559 
9.630000 3.633295 6.233543 12.820927 
9.640000 3.893320 6.722708 12.705519 
9.650000 4.176259 7.250944 12.628442 
9.660000 4.483727 7.820391 12.594502 
9.670000 4.817394 8.432927 12.609293 
9.680000 5.178947 9.090029 12.679293 
9.690000 5.570055 9.792580 12.811946 
9.700000 5.992308 10.540637 13.015746 
9.710000 6.447141 11.333134 13.300287 
9.720000 6.935740 12.167513 13.676276 
9.730000 7.458917 13.039294 14.155482 
9.740000 8.016955 13.941553 14.750593 
9.750000 8.609415 14.864336 15.474932 
9.760000 9.234907 15.794028 16.341999 
9.770000 9.890819 16.712693 17.364776 
9.780000 10.573006 17.597477 18.554738 
9.790000 11.275453 18.420150 19.920527 
9.800000 11.989923 19.146946 21.466269 
9.810000 12.705625 19.738866 23.189539 
9.820000 13.408950 20.152676 25.079098 
9.830000 14.083322 20.342812 27.112584 
9.840000 14.709271 20.264362 29.254525 
9.850000 15.264780 19.877186 31.455145 
9.860000 15.726021 19.150994 33.650550 
9.870000 16.068518 18.070878 35.764891 
9.880000 16.268754 16.642466 37.714883 
9.890000 16.306125 14.895551 39.416674 
9.900000 16.165068 12.884978 40.794450 
9.910000 15.837059 10.687897 41.789464 
9.920000 15.322143 8.397172 42.367727 
9.930000 14.629646 6.111757 42.524547 
9.940000 13.777857 3.925750 42.284688 
9.950000 12.792646 1.918368 41.697980 
9.960000 11.705218 0.146851 40.831444 
9.970000 10.549382 -1.356567 39.759795 
9.980000 9.358787 -2.583587 38.556424 
9.990000 8.164549 -3.545704 37.286461 
